·ßÅ­
297485
25648006
112678
95475
5279696
456370706
229394
25713024
25714355
27501820
27937575
28190239
28240672
28987050
30841464
489506275
85566
60102
5247681
77131
5244310

Ñá¶ñ
4878132
67612
848353 
31152111
30590559
29999506
299981
29775440
27501820
254285
235690
231412
473940941
1161653
5244310
4878345
479219330
4878132
230299
255204

¿Ö¾å
5247681
60102
67612
77131
84054
489506275
31152111
30903117
306556
299757
297498
29747622
287569
28306412
28190239
27867573
27483525
27955653
280175
5247681
27646919

Ï²ÔÃ 
5281327
299352
29450091
28255027
247579
109198
110452
115569
209643
9442015
83235
27483089
27970011
28949843
299519
307566
29019519
306709
30903117
30431366
31544593

Æ½¾² 
28613058
28302913
28285910
27890481
276999
27598426
109496
112908
114037
228755
25642125
25713022
25986095
27836179
29593517
28798921
64317
28208056
28219176
287035
28793052

±¯ÉË 
27867389
27713963
27090046
26609895
26524510
25650033
25643291
28302912
10308019
110207
210212
25640778
25788001
26090160
26550694
27646687
280761
82932
67612
25640406
25641369
27483167
280765



¾ªÑÈ
27970011
27890481
27876822
27867573
27867389
26609895
25714355
25648006
229285
460256325
491787693
5285415
33162226
28913079
28727465
27731340
112705
117107
254285
25638387
26113988